97 57
37 27
37 27
27 11
72 68
72 68
37 27
68 1
72 68
37 27
72 68
11 93
72 68
68 1
37 27
11 93
72 68
27 11
27 11
37 27
72 68
72 68
68 1
72 68
37 27
68 1
69 37
72 68
37 27
58 69
68 1
68 1
72 68
11 93
11 93
37 27
37 27
72 68
68 1
70 37
72 68
37 27
27 11
68 1
68 1
73 83
72 68
37 27
37 27
27 11
37 27
37 27
13 72
11 93
72 68
72 68
72 68
68 1
37 27
11 93
37 27
68 1
93 72
72 68
72 68
72 68
68 1
68 1
37 27
72 68
37 27
68 1
93 72
37 27
72 68
37 27
68 1
72 68
72 68
72 68
37 27
37 27
1 0
11 93
37 27
93 72
72 68
72 68
37 27
1 0
93 72
93 72
27 11
37 27
72 68
33 66
68 1
37 27
81 70
68 1
